Sanskrit Character Recognition - Decision Tree Classification Report
Test Accuracy: 0.7379
Macro F1: 0.7379 | Weighted F1: 0.7379

              precision    recall  f1-score   support

        00_a     0.6316    0.7200    0.6729       100
       01_aa     0.7845    0.9100    0.8426       100
        02_i     0.6555    0.7800    0.7123       100
       03_ii     0.9038    0.9400    0.9216       100
        04_u     0.7818    0.8600    0.8190       100
       05_uu     0.7589    0.8500    0.8019       100
       06_ri     0.6032    0.7600    0.6726       100
      07_rii     0.6667    0.6800    0.6733       100
       08_li     0.6827    0.7100    0.6961       100
        09_e     0.7727    0.8500    0.8095       100
       10_ai     0.8440    0.9200    0.8804       100
        11_o     0.8317    0.8400    0.8358       100
       12_au     0.7946    0.8900    0.8396       100
       13_am     0.8269    0.8600    0.8431       100
       14_ah     0.9109    0.9200    0.9154       100
       15_ka     0.6937    0.7700    0.7299       100
      16_kha     0.6667    0.7200    0.6923       100
       17_ga     0.7034    0.8300    0.7615       100
      18_gha     0.5545    0.6100    0.5810       100
      19_nga     0.5376    0.5000    0.5181       100
       20_ca     0.5094    0.5400    0.5243       100
      21_cha     0.6792    0.7200    0.6990       100
       22_ja     0.7627    0.9000    0.8257       100
      23_jha     0.7576    0.7500    0.7538       100
      24_nya     0.6703    0.6100    0.6387       100
      25_tta     0.8673    0.8500    0.8586       100
     26_ttha     0.7143    0.7000    0.7071       100
      27_dda     0.6526    0.6200    0.6359       100
     28_ddha     0.6239    0.6800    0.6507       100
      29_nna     0.7857    0.7700    0.7778       100
       30_ta     0.6216    0.6900    0.6540       100
      31_tha     0.5800    0.5800    0.5800       100
       32_da     0.7500    0.6900    0.7188       100
      33_dha     0.6452    0.6000    0.6218       100
       34_na     0.8105    0.7700    0.7897       100
       35_pa     0.6476    0.6800    0.6634       100
      36_pha     0.8837    0.7600    0.8172       100
       37_ba     0.5373    0.7200    0.6154       100
      38_bha     0.8571    0.6600    0.7458       100
       39_ma     0.5960    0.5900    0.5930       100
       40_ya     0.5761    0.5300    0.5521       100
       41_ra     0.7500    0.7500    0.7500       100
       42_la     0.6571    0.6900    0.6732       100
       43_va     0.5060    0.4200    0.4590       100
      44_sha     0.7368    0.7000    0.7179       100
      45_ssa     0.7727    0.6800    0.7234       100
       46_sa     0.6966    0.6200    0.6561       100
       47_ha     0.7816    0.6800    0.7273       100
      48_lla     0.7952    0.6600    0.7213       100
     49_ksha     0.8202    0.7300    0.7725       100
      50_jna     0.7229    0.6000    0.6557       100
      51_tra     0.7586    0.6600    0.7059       100
        52_0     0.9457    0.8700    0.9062       100
        53_1     0.8438    0.8100    0.8265       100
        54_2     0.9250    0.7400    0.8222       100
        55_3     0.8384    0.8300    0.8342       100
        56_4     0.8506    0.7400    0.7914       100
        57_5     0.9406    0.9500    0.9453       100
        58_6     0.9545    0.8400    0.8936       100
        59_7     0.8043    0.7400    0.7708       100
        60_8     0.9278    0.9000    0.9137       100
        61_9     0.8710    0.8100    0.8394       100

    accuracy                         0.7379      6200
   macro avg     0.7425    0.7379    0.7379      6200
weighted avg     0.7425    0.7379    0.7379      6200
